,date,place_cd,race_no,ET_1,ET_2,ET_3,ET_4,ET_5,ET_6,tilt_1,tilt_2,tilt_3,tilt_4,tilt_5,tilt_6,EST_1,EST_2,EST_3,EST_4,EST_5,EST_6,ESC_1,ESC_2,ESC_3,ESC_4,ESC_5,ESC_6,wether,air_t,wind_d,wind_v,water_t,wave_h
0,2021-9-18,2,1,6.86,6.91,6.9,6.89,6.84,6.88,-0.5,-0.5,0.0,-0.5,0.0,-0.5,0.21,0.26,0.39,0.23,0.15,0.41,1,2,3,4,5,6,曇り,25.0,14,2.0,25.0,1.0
1,2021-9-18,2,2,6.84,6.87,6.85,6.84,6.93,6.99,-0.5,-0.5,-0.5,-0.5,-0.5,-0.5,0.12,0.22,0.18,0.08,0.04,0.14,1,2,3,5,6,4,曇り,24.0,16,2.0,24.0,1.0
2,2021-9-18,2,3,6.85,6.99,6.88,7.03,7.05,6.97,-0.5,-0.5,-0.5,-0.5,-0.5,-0.5,0.11,-0.08,0.09,0.05,0.19,0.03,1,2,3,4,5,6,雨,24.0,16,1.0,24.0,1.0
3,2021-9-18,2,4,6.87,6.93,6.79,6.76,6.84,6.79,-0.5,-0.5,-0.5,0.0,-0.5,-0.5,0.09,0.11,0.2,0.11,0.07,0.26,1,2,3,4,5,6,雨,24.0,16,2.0,24.0,1.0
4,2021-9-18,2,5,6.9,6.87,6.93,6.86,6.92,6.94,-0.5,-0.5,-0.5,-0.5,-0.5,-0.5,-0.01,-0.02,0.05,-0.02,0.09,-0.03,1,2,3,4,5,6,曇り,25.0,16,5.0,24.0,3.0
5,2021-9-18,2,6,6.85,6.92,6.93,6.9,6.93,6.96,-0.5,-0.5,-0.5,-0.5,0.0,-0.5,0.26,0.21,0.11,0.05,0.05,0.34,1,2,3,4,5,6,雨,25.0,16,3.0,25.0,1.0
6,2021-9-18,2,7,6.82,6.9,6.9,7.01,7.0,6.9,0.0,-0.5,-0.5,-0.5,-0.5,0.0,0.03,0.13,0.06,0.08,0.08,0.07,1,2,3,4,5,6,曇り,25.0,16,2.0,25.0,1.0
7,2021-9-18,2,8,6.86,6.94,6.86,6.87,6.92,6.96,-0.5,-0.5,-0.5,-0.5,-0.5,0.0,-0.02,0.06,0.05,0.13,0.36,0.14,1,2,3,4,5,6,曇り,25.0,16,2.0,25.0,1.0
8,2021-9-18,2,9,6.89,6.89,6.89,6.9,6.89,6.93,0.0,-0.5,-0.5,-0.5,-0.5,-0.5,0.03,0.06,0.11,0.09,0.07,0.14,1,2,3,4,5,6,曇り,26.0,16,3.0,25.0,1.0
9,2021-9-18,2,10,6.92,6.88,6.93,6.96,6.9,6.93,-0.5,-0.5,-0.5,-0.5,0.0,-0.5,0.01,0.19,0.26,0.01,-0.01,0.02,1,2,3,4,5,6,曇り,26.0,2,3.0,25.0,1.0
10,2021-9-18,2,11,6.96,6.86,6.91,6.92,6.97,6.94,-0.5,0.0,-0.5,0.0,-0.5,0.0,0.12,0.06,-0.06,-0.15,-0.01,-0.05,1,2,3,4,5,6,曇り,25.0,16,1.0,25.0,1.0
11,2021-9-18,2,12,6.8,6.83,6.87,6.84,6.93,6.91,-0.5,-0.5,-0.5,0.0,-0.5,-0.5,0.12,0.24,0.29,0.08,0.15,0.08,1,2,3,4,5,6,曇り,25.0,16,1.0,25.0,1.0
12,2021-9-18,3,1,6.7,6.7,6.67,6.67,6.73,6.77,0.0,0.5,1.0,1.0,1.5,1.0,0.07,0.06,0.09,0.17,0.06,0.01,1,2,3,4,5,6,曇り,25.0,4,4.0,25.0,5.0
13,2021-9-18,3,2,6.85,6.81,6.87,6.78,6.91,6.91,0.5,1.0,1.0,0.5,0.5,1.0,0.1,0.18,0.09,0.4,0.24,0.38,1,2,3,4,5,6,雨,25.0,4,4.0,25.0,10.0
14,2021-9-18,3,3,6.89,6.94,6.8,6.94,6.88,7.12,0.0,0.5,1.0,0.5,0.5,0.5,0.02,0.13,0.11,0.13,0.17,0.19,1,2,3,4,5,6,雨,25.0,4,3.0,25.0,5.0
15,2021-9-18,3,4,6.88,6.95,6.78,7.06,6.79,7.05,0.5,0.5,0.5,0.0,1.0,0.5,0.09,0.19,0.16,0.07,0.11,0.21,1,2,3,4,5,6,雨,25.0,4,7.0,25.0,15.0
16,2021-9-18,3,5,6.87,6.92,6.96,6.96,7.13,7.01,0.5,0.0,0.0,1.5,0.5,1.0,0.08,0.01,0.06,0.03,0.08,0.01,1,2,3,4,5,6,雨,24.0,4,7.0,25.0,15.0
17,2021-9-18,3,6,6.94,6.96,7.21,7.03,7.0,7.06,1.0,0.0,0.5,0.5,1.0,0.5,0.13,0.22,0.07,0.06,-0.01,-0.01,1,2,3,4,5,6,雨,25.0,4,9.0,25.0,20.0
18,2021-9-18,3,7,7.49,7.15,7.38,7.25,7.08,7.06,0.5,1.0,0.0,0.5,0.0,0.5,-0.01,0.04,0.17,0.01,-0.05,0.07,1,2,3,4,5,6,雨,25.0,6,10.0,25.0,20.0
19,2021-9-18,3,8,6.99,6.88,6.91,6.84,6.87,6.86,1.0,0.5,0.5,0.5,1.0,1.0,0.16,0.03,0.26,0.16,0.25,0.31,1,2,3,4,5,6,雨,25.0,6,8.0,25.0,15.0
20,2021-9-18,3,9,6.93,7.02,6.85,6.81,6.68,7.01,0.5,1.0,0.5,0.5,0.5,0.5,-0.01,0.12,0.11,0.05,0.08,0.14,1,2,3,4,5,6,曇り,25.0,6,7.0,25.0,10.0
21,2021-9-18,3,10,6.81,6.89,6.79,6.91,6.86,6.92,0.0,0.5,1.5,0.5,0.0,0.5,0.34,0.17,0.27,0.31,0.17,0.28,1,2,3,4,5,6,雨,26.0,4,8.0,25.0,10.0
22,2021-9-18,3,11,6.87,6.82,6.94,6.86,6.85,6.83,0.5,0.5,1.0,0.0,1.5,0.5,0.18,0.04,0.16,0.38,0.19,0.18,1,2,3,4,5,6,雨,26.0,4,7.0,25.0,10.0
23,2021-9-18,3,12,6.71,6.83,6.91,7.02,7.0,6.98,0.5,0.0,0.5,1.0,0.5,0.5,0.22,0.15,0.21,0.42,0.31,0.43,1,2,3,4,5,6,曇り,25.0,4,5.0,25.0,5.0
24,2021-9-18,6,1,6.64,6.66,6.77,6.74,6.74,6.7,-0.5,0.0,-0.5,-0.5,0.0,-0.5,0.65,0.35,0.88,0.19,0.31,0.35,1,3,4,2,5,6,曇り,27.0,5,1.0,25.0,1.0
25,2021-9-18,6,2,6.67,6.65,6.76,6.75,6.7,6.72,0.0,0.0,0.0,0.0,0.0,0.0,0.11,-0.03,0.28,0.09,-0.06,0.02,1,2,3,4,5,6,雨,27.0,13,6.0,25.0,4.0
26,2021-9-18,6,3,6.65,6.71,6.74,6.7,6.75,6.71,0.0,0.0,-0.5,0.0,-0.5,0.0,-0.04,0.55,0.02,0.24,0.08,-0.03,1,2,5,3,6,4,曇り,27.0,13,6.0,25.0,4.0
27,2021-9-18,6,4,6.78,6.76,6.77,6.75,6.64,6.76,0.0,0.0,0.0,0.0,-0.5,0.0,0.23,0.18,0.05,-0.01,0.51,0.95,1,2,3,4,6,5,曇り,27.0,13,5.0,25.0,3.0
28,2021-9-18,6,5,6.69,6.79,6.8,6.74,6.79,6.72,0.0,-0.5,-0.5,-0.5,0.0,0.0,0.3,-0.01,0.09,0.18,0.34,0.08,1,2,3,4,5,6,曇り,27.0,13,5.0,25.0,3.0
29,2021-9-18,6,6,6.7,6.75,6.73,6.72,6.73,6.81,0.0,-0.5,0.0,0.0,0.0,0.0,0.02,-0.03,0.07,0.15,0.16,0.14,1,2,3,4,5,6,曇り,27.0,13,5.0,25.0,3.0
30,2021-9-18,6,7,6.77,6.71,6.79,6.79,6.81,6.82,0.0,0.0,0.0,0.0,-0.5,0.0,0.17,0.09,0.05,0.28,0.11,0.21,1,2,3,4,5,6,曇り,26.0,13,3.0,25.0,2.0
31,2021-9-18,6,8,6.82,6.85,6.77,6.83,6.91,6.88,-0.5,0.0,0.0,0.0,-0.5,0.0,-0.03,0.08,0.13,0.08,0.26,0.1,1,2,3,4,5,6,晴,27.0,13,1.0,25.0,1.0
32,2021-9-18,6,9,6.83,6.89,6.82,6.85,6.88,6.88,0.0,0.0,0.0,0.0,0.0,0.0,0.21,0.1,0.09,0.13,0.18,0.54,1,2,3,4,5,6,晴,27.0,5,2.0,25.0,1.0
33,2021-9-18,6,10,6.75,6.78,6.77,6.81,6.73,6.77,0.0,-0.5,-0.5,-0.5,0.0,-0.5,-0.16,0.07,0.01,0.05,-0.04,0.2,1,2,3,4,6,5,晴,27.0,5,2.0,25.0,1.0
34,2021-9-18,6,11,6.75,6.75,6.82,6.77,6.79,6.8,-0.5,-0.5,-0.5,-0.5,-0.5,0.0,0.24,0.08,0.17,0.16,0.07,0.03,1,2,3,4,5,6,曇り,28.0,5,2.0,25.0,1.0
35,2021-9-18,6,12,6.73,6.76,6.86,6.83,6.78,6.76,0.0,-0.5,-0.5,-0.5,-0.5,-0.5,-0.04,0.04,0.07,0.11,0.1,-0.01,1,2,3,4,5,6,曇り,27.0,5,2.0,25.0,1.0
36,2021-9-18,8,1,6.85,6.85,6.89,6.89,6.88,6.83,-0.5,-0.5,-0.5,-0.5,-0.5,-0.5,0.0,0.0,-0.01,0.05,0.11,0.15,1,2,3,4,5,6,晴,27.0,15,4.0,26.0,3.0
37,2021-9-18,8,2,6.82,6.76,6.76,6.8,6.79,6.81,-0.5,0.0,0.0,-0.5,-0.5,-0.5,0.16,0.23,0.16,0.22,0.05,0.18,1,2,3,4,5,6,曇り,25.0,5,2.0,26.0,1.0
38,2021-9-18,8,3,6.76,6.87,6.77,6.8,6.84,6.79,-0.5,-0.5,-0.5,-0.5,-0.5,-0.5,0.12,0.05,0.11,0.11,0.12,0.19,1,2,3,4,5,6,曇り,26.0,5,3.0,26.0,2.0
39,2021-9-18,8,4,6.74,6.82,6.78,6.75,6.75,6.89,-0.5,-0.5,-0.5,-0.5,-0.5,-0.5,0.14,0.11,0.15,-0.01,0.25,0.11,1,2,3,4,5,6,曇り,26.0,3,2.0,26.0,1.0
40,2021-9-18,8,5,6.81,6.81,6.77,6.79,6.92,6.81,-0.5,-0.5,-0.5,0.0,-0.5,0.0,0.17,0.03,0.09,0.07,0.28,0.08,1,2,3,4,5,6,曇り,26.0,15,2.0,26.0,1.0
41,2021-9-18,8,6,6.79,6.75,6.78,6.76,6.76,6.84,-0.5,-0.5,-0.5,0.0,-0.5,-0.5,0.16,0.16,-0.08,0.26,0.02,0.07,1,2,3,4,5,6,曇り,25.0,15,3.0,26.0,2.0
42,2021-9-18,8,7,6.75,6.84,6.8,6.8,6.84,6.77,-0.5,-0.5,-0.5,-0.5,-0.5,-0.5,0.06,0.03,0.17,0.0,0.11,0.19,1,2,3,4,5,6,曇り,25.0,15,3.0,26.0,2.0
43,2021-9-18,8,8,6.76,6.82,6.85,6.83,6.76,6.84,0.0,-0.5,-0.5,-0.5,-0.5,-0.5,0.07,0.03,0.18,0.07,0.1,0.14,1,2,3,4,5,6,晴,26.0,1,2.0,26.0,1.0
44,2021-9-18,8,9,6.79,6.73,6.88,6.83,6.85,6.85,0.0,-0.5,-0.5,0.0,0.0,-0.5,0.22,-0.08,0.02,-0.04,0.02,0.06,1,2,3,4,6,5,晴,27.0,1,2.0,26.0,1.0
45,2021-9-18,8,10,6.75,6.74,6.83,6.78,6.79,6.82,-0.5,-0.5,-0.5,-0.5,-0.5,-0.5,0.15,0.06,0.09,0.07,0.14,0.21,1,2,3,4,5,6,晴,28.0,15,2.0,26.0,1.0
46,2021-9-18,8,11,6.71,6.75,6.74,6.69,6.74,6.76,-0.5,-0.5,-0.5,-0.5,-0.5,-0.5,0.23,0.23,0.11,0.01,-0.02,0.03,1,2,3,4,5,6,晴,29.0,15,3.0,26.0,2.0
47,2021-9-18,8,12,6.77,6.77,6.78,6.72,6.72,6.79,-0.5,-0.5,-0.5,-0.5,0.0,-0.5,0.01,0.28,0.03,0.04,0.11,0.21,1,3,2,4,5,6,晴,28.0,15,4.0,26.0,3.0
48,2021-9-18,12,1,6.97,6.97,7.01,6.89,6.92,6.89,-0.5,-0.5,-0.5,-0.5,-0.5,-0.5,0.11,0.34,0.01,0.07,0.11,0.04,1,2,3,4,6,5,曇り,25.0,5,2.0,25.0,1.0
49,2021-9-18,12,2,6.88,6.94,6.9,6.81,6.87,6.9,-0.5,-0.5,-0.5,-0.5,-0.5,-0.5,0.12,0.24,0.34,-0.01,-0.03,0.03,1,2,3,4,5,6,晴,30.0,5,3.0,26.0,1.0
50,2021-9-18,12,3,6.91,6.88,6.84,6.85,7.06,6.93,-0.5,-0.5,-0.5,-0.5,-0.5,-0.5,-0.03,0.22,0.06,-0.02,-0.09,-0.07,1,2,3,4,5,6,晴,29.0,5,4.0,26.0,2.0
51,2021-9-18,12,4,6.9,6.97,6.9,7.02,7.04,6.9,-0.5,-0.5,-0.5,-0.5,-0.5,-0.5,-0.03,0.12,0.19,-0.08,-0.03,0.01,1,3,2,4,5,6,晴,29.0,5,4.0,26.0,2.0
52,2021-9-18,12,5,6.85,6.9,6.86,6.84,6.86,6.91,-0.5,-0.5,-0.5,-0.5,-0.5,-0.5,0.01,0.07,0.01,-0.06,-0.04,0.03,1,2,3,5,4,6,晴,29.0,5,4.0,26.0,2.0
53,2021-9-18,12,6,6.79,6.9,6.84,6.86,6.82,6.96,-0.5,-0.5,0.0,-0.5,-0.5,-0.5,0.09,0.02,0.1,-0.01,0.17,0.08,1,2,3,4,5,6,晴,28.0,5,4.0,26.0,2.0
54,2021-9-18,12,7,6.8,6.82,7.0,6.82,6.83,6.86,-0.5,-0.5,-0.5,-0.5,-0.5,-0.5,0.04,0.07,0.2,0.14,0.03,-0.05,1,2,3,4,5,6,曇り,27.0,5,4.0,26.0,2.0
55,2021-9-18,12,8,6.93,6.8,6.81,6.79,6.92,6.8,-0.5,-0.5,-0.5,-0.5,-0.5,-0.5,-0.12,0.03,0.01,0.24,0.13,0.08,1,2,3,4,5,6,曇り,27.0,5,4.0,26.0,2.0
56,2021-9-18,12,9,6.84,6.85,6.76,6.68,6.8,6.76,-0.5,-0.5,-0.5,0.0,-0.5,-0.5,-0.05,0.14,0.14,0.11,0.09,0.15,1,2,3,4,5,6,曇り,26.0,5,4.0,25.0,2.0
57,2021-9-18,12,10,6.8,6.74,6.82,6.79,6.86,6.8,-0.5,-0.5,-0.5,-0.5,-0.5,-0.5,-0.11,0.16,-0.1,0.05,0.05,0.06,1,3,2,4,5,6,曇り,26.0,7,3.0,25.0,1.0
58,2021-9-18,12,11,6.77,6.91,6.68,6.81,6.75,6.81,-0.5,-0.5,-0.5,0.0,-0.5,-0.5,0.08,0.12,0.15,-0.01,0.03,-0.16,1,2,3,4,5,6,曇り,25.0,5,2.0,25.0,1.0
59,2021-9-18,12,12,6.77,6.7,6.7,6.85,6.95,6.85,-0.5,-0.5,-0.5,-0.5,-0.5,-0.5,0.11,0.07,0.22,0.16,0.09,0.13,1,2,3,4,6,5,曇り,25.0,5,3.0,25.0,1.0
60,2021-9-18,15,1,6.83,6.74,6.84,6.8,6.86,6.76,0.0,0.0,-0.5,0.5,-0.5,0.0,0.13,0.11,0.15,0.05,-0.03,0.04,1,2,3,5,6,4,晴,25.0,13,2.0,27.0,2.0
61,2021-9-18,15,2,6.82,6.88,6.85,6.96,6.91,6.77,-0.5,-0.5,-0.5,0.0,-0.5,-0.5,0.12,0.05,0.31,0.23,0.09,-0.1,1,2,3,4,5,6,曇り,27.0,9,2.0,27.0,2.0
62,2021-9-18,15,3,6.75,6.71,6.76,6.74,6.81,6.91,0.0,0.0,-0.5,-0.5,-0.5,-0.5,-0.01,0.09,0.03,0.01,0.03,-0.03,1,2,3,5,6,4,曇り,27.0,9,2.0,27.0,2.0
63,2021-9-18,15,4,6.67,6.77,6.73,6.86,6.81,6.71,-0.5,-0.5,-0.5,-0.5,-0.5,0.0,0.17,0.11,0.12,0.13,0.11,0.07,1,2,3,4,5,6,晴,27.0,11,4.0,27.0,4.0
64,2021-9-18,15,5,6.76,6.67,6.75,6.73,6.81,6.81,-0.5,0.0,-0.5,-0.5,-0.5,0.0,-0.1,-0.03,0.09,0.03,0.08,0.11,1,2,3,4,5,6,晴,27.0,13,4.0,27.0,4.0
65,2021-9-18,15,6,6.77,6.79,6.78,6.81,6.79,6.85,-0.5,-0.5,-0.5,0.0,0.0,-0.5,0.02,-0.02,-0.01,0.18,0.23,0.06,1,2,3,4,5,6,晴,27.0,13,4.0,27.0,4.0
66,2021-9-18,15,7,6.59,6.77,6.81,6.82,6.77,6.81,-0.5,0.0,0.0,-0.5,0.0,0.0,0.11,0.09,-0.05,0.02,-0.09,-0.04,1,2,3,4,5,6,晴,27.0,13,3.0,27.0,3.0
67,2021-9-18,15,8,6.78,6.74,6.75,6.8,6.75,6.82,-0.5,0.0,-0.5,-0.5,0.0,-0.5,-0.1,-0.13,-0.08,-0.04,0.15,0.24,1,2,3,4,5,6,晴,27.0,13,3.0,27.0,3.0
68,2021-9-18,15,9,6.78,6.86,6.82,6.8,6.76,6.88,-0.5,-0.5,0.0,-0.5,0.0,-0.5,0.12,0.21,0.1,0.24,0.03,0.07,1,2,3,4,5,6,晴,26.0,15,5.0,27.0,5.0
69,2021-9-18,15,10,6.69,6.72,6.75,6.8,6.74,6.78,0.0,-0.5,-0.5,0.0,-0.5,0.0,0.15,0.13,0.13,0.09,0.17,0.08,1,2,3,4,5,6,晴,26.0,15,3.0,27.0,3.0
70,2021-9-18,15,11,6.66,6.7,6.74,6.68,6.74,6.77,-0.5,-0.5,0.0,-0.5,-0.5,-0.5,0.14,0.18,0.09,0.16,0.15,0.03,1,2,3,4,5,6,晴,26.0,15,3.0,27.0,3.0
71,2021-9-18,15,12,6.76,6.67,6.76,6.84,6.65,6.86,-0.5,-0.5,-0.5,-0.5,0.0,0.0,-0.13,-0.01,0.02,-0.05,-0.01,-0.08,1,4,5,6,3,2,晴,25.0,13,3.0,27.0,3.0
72,2021-9-18,17,1,6.78,6.76,6.82,6.84,6.78,6.75,-0.5,-0.5,-0.5,-0.5,-0.5,-0.5,0.12,0.4,0.27,-0.02,0.19,-0.03,1,2,3,4,5,6,晴,24.0,1,3.0,25.0,3.0
73,2021-9-18,17,2,6.82,6.76,6.76,6.8,6.76,6.76,-0.5,-0.5,-0.5,-0.5,-0.5,-0.5,0.26,0.11,0.07,-0.01,-0.08,0.09,1,2,3,4,6,5,曇り,25.0,7,4.0,24.0,4.0
74,2021-9-18,17,3,6.75,6.75,6.76,6.72,6.7,6.7,0.0,0.0,-0.5,0.0,-0.5,0.0,0.18,0.07,0.16,0.13,0.14,0.15,1,2,3,4,5,6,曇り,25.0,7,3.0,24.0,3.0
75,2021-9-18,17,4,6.75,6.78,6.74,6.7,6.77,6.72,-0.5,-0.5,0.0,-0.5,-0.5,-0.5,0.0,-0.01,0.07,0.23,0.07,0.04,3,4,5,6,2,1,曇り,25.0,7,3.0,24.0,3.0
76,2021-9-18,17,5,6.7,6.78,6.81,6.82,6.8,6.85,-0.5,-0.5,-0.5,-0.5,-0.5,-0.5,-0.05,0.08,0.09,0.08,-0.03,-0.04,1,2,3,4,5,6,曇り,25.0,9,2.0,24.0,2.0
77,2021-9-18,17,6,6.69,6.66,6.69,6.65,6.71,6.69,-0.5,-0.5,-0.5,-0.5,-0.5,-0.5,0.08,0.42,0.07,-0.09,-0.1,-0.04,1,2,3,4,5,6,曇り,25.0,13,2.0,24.0,2.0
78,2021-9-18,17,7,6.72,6.68,6.81,6.66,6.72,6.71,-0.5,-0.5,-0.5,-0.5,-0.5,-0.5,-0.12,0.44,0.0,0.08,0.04,0.14,1,2,3,4,5,6,曇り,25.0,9,1.0,24.0,1.0
79,2021-9-18,17,8,6.68,6.73,6.7,6.74,6.73,6.71,-0.5,-0.5,-0.5,-0.5,0.0,-0.5,-0.03,0.04,0.0,-0.02,-0.03,0.0,1,2,3,4,5,6,晴,26.0,17,0.0,24.0,1.0
80,2021-9-18,17,9,6.77,6.83,6.74,6.8,6.8,6.81,0.0,-0.5,-0.5,-0.5,-0.5,-0.5,0.06,-0.05,0.0,0.04,0.17,0.06,1,2,3,4,5,6,晴,27.0,1,2.0,24.0,2.0
81,2021-9-18,17,10,6.76,6.68,6.76,6.75,6.7,6.72,-0.5,-0.5,-0.5,-0.5,0.0,0.0,0.01,-0.07,-0.03,0.01,0.05,0.09,1,2,3,4,5,6,晴,27.0,1,2.0,24.0,2.0
82,2021-9-18,17,11,6.76,6.79,6.69,6.8,6.79,6.79,0.0,-0.5,-0.5,0.0,-0.5,-0.5,-0.01,0.14,0.12,0.04,-0.01,0.11,1,2,3,4,5,6,晴,27.0,5,3.0,24.0,3.0
83,2021-9-18,17,12,6.82,6.79,6.87,6.87,6.85,6.87,-0.5,0.0,-0.5,-0.5,-0.5,-0.5,-0.03,-0.01,-0.02,-0.03,-0.01,0.02,1,2,3,4,5,6,晴,25.0,5,5.0,25.0,4.0
84,2021-9-18,18,1,6.9,6.92,6.95,7.0,6.99,7.02,-0.5,0.0,0.0,-0.5,-0.5,-0.5,0.21,0.25,0.42,0.16,0.19,0.41,1,2,3,4,5,6,晴,29.0,13,5.0,25.0,5.0
85,2021-9-18,18,2,6.97,6.99,7.06,7.1,7.07,7.02,-0.5,0.0,-0.5,-0.5,-0.5,0.0,-0.02,-0.01,-0.07,-0.11,0.05,0.06,1,2,3,4,5,6,晴,26.0,13,4.0,24.0,4.0
86,2021-9-18,18,3,6.95,7.06,7.07,7.04,6.99,7.03,-0.5,-0.5,-0.5,0.0,-0.5,0.5,-0.1,0.14,0.01,-0.03,0.02,-0.1,1,2,3,4,6,5,晴,27.0,1,3.0,24.0,3.0
87,2021-9-18,18,4,6.92,6.99,6.96,7.01,7.02,7.0,-0.5,0.0,-0.5,0.0,-0.5,-0.5,-0.05,-0.02,0.08,0.01,0.15,0.07,1,2,3,4,5,6,晴,28.0,9,3.0,24.0,3.0
88,2021-9-18,18,5,6.96,6.96,7.0,7.02,7.02,6.95,-0.5,-0.5,-0.5,-0.5,-0.5,-0.5,0.29,0.26,0.07,0.21,0.19,0.07,1,2,3,4,5,6,晴,29.0,11,1.0,25.0,1.0
89,2021-9-18,18,6,7.04,6.99,6.99,6.99,6.98,7.02,-0.5,-0.5,-0.5,-0.5,0.0,-0.5,0.26,0.16,0.27,0.29,0.01,0.15,1,2,3,4,5,6,晴,29.0,15,6.0,25.0,6.0
90,2021-9-18,18,7,7.06,7.09,7.04,6.97,7.01,7.03,-0.5,-0.5,0.0,0.0,-0.5,0.0,0.05,0.01,-0.01,0.13,-0.02,0.0,1,2,3,4,5,6,晴,29.0,15,3.0,25.0,3.0
91,2021-9-18,18,8,7.02,6.98,7.0,6.98,6.9,6.93,-0.5,-0.5,-0.5,0.0,-0.5,-0.5,0.08,0.33,0.16,0.19,0.31,0.16,1,2,3,4,5,6,晴,29.0,15,7.0,25.0,7.0
92,2021-9-18,18,9,6.98,6.98,6.99,7.02,7.0,7.01,-0.5,-0.5,0.0,-0.5,-0.5,-0.5,0.3,0.2,0.09,0.01,0.01,0.04,1,2,3,4,5,6,晴,29.0,15,7.0,25.0,7.0
93,2021-9-18,18,10,7.0,7.07,6.96,6.97,7.02,7.05,-0.5,-0.5,0.0,-0.5,-0.5,-0.5,0.05,0.11,-0.08,0.12,0.11,0.19,1,2,3,4,5,6,晴,29.0,1,5.0,25.0,5.0
94,2021-9-18,18,11,6.96,7.0,6.98,6.97,7.0,6.98,-0.5,-0.5,0.0,0.0,-0.5,-0.5,0.03,0.01,-0.05,-0.02,-0.02,0.05,1,2,3,4,5,6,晴,29.0,1,3.0,25.0,3.0
95,2021-9-18,18,12,6.93,6.98,6.98,7.07,7.04,7.02,-0.5,0.0,-0.5,0.0,-0.5,0.0,0.05,0.0,0.14,0.22,0.07,0.04,1,3,2,4,5,6,晴,29.0,13,5.0,26.0,5.0
96,2021-9-18,19,1,6.92,6.98,6.84,6.91,6.99,6.94,-0.5,0.0,-0.5,-0.5,-0.5,-0.5,0.05,0.15,0.04,0.02,0.1,0.16,1,2,3,4,5,6,曇り,23.0,1,1.0,27.0,1.0
97,2021-9-18,19,2,6.85,6.85,6.96,6.86,6.87,6.76,0.0,0.0,0.0,-0.5,-0.5,0.0,0.19,0.13,-0.04,-0.07,-0.01,0.1,1,2,3,4,5,6,晴,25.0,3,4.0,27.0,4.0
98,2021-9-18,19,3,6.91,6.85,6.92,6.88,6.9,6.85,-0.5,0.0,0.0,-0.5,-0.5,-0.5,0.05,-0.05,0.02,0.22,0.11,0.21,1,2,3,4,5,6,晴,25.0,3,4.0,27.0,4.0
99,2021-9-18,19,4,6.89,6.86,6.81,6.85,6.85,6.92,-0.5,0.0,0.0,0.0,-0.5,-0.5,0.28,-0.02,-0.06,0.08,0.01,-0.09,1,2,3,5,6,4,晴,25.0,3,5.0,27.0,5.0
100,2021-9-18,19,5,6.88,6.83,6.99,6.89,6.89,6.85,0.0,-0.5,-0.5,-0.5,-0.5,-0.5,0.02,-0.03,-0.02,0.02,0.08,0.02,1,2,3,4,5,6,晴,25.0,3,4.0,27.0,4.0
101,2021-9-18,19,6,6.75,6.83,6.83,6.87,6.82,6.88,-0.5,-0.5,-0.5,-0.5,-0.5,0.0,-0.03,0.07,0.29,0.15,0.15,0.15,1,2,3,4,5,6,晴,25.0,3,4.0,27.0,4.0
102,2021-9-18,19,7,6.7,6.83,6.74,6.74,6.72,6.77,0.0,-0.5,-0.5,0.0,-0.5,-0.5,0.03,-0.06,-0.06,0.0,0.02,0.04,1,2,3,4,5,6,晴,24.0,3,3.0,27.0,3.0
103,2021-9-18,19,8,6.71,6.76,6.81,6.76,6.84,6.72,-0.5,-0.5,0.0,-0.5,0.0,-0.5,-0.12,-0.05,0.1,0.28,0.26,0.2,1,2,3,4,5,6,晴,24.0,3,2.0,27.0,2.0
104,2021-9-18,19,9,6.74,6.75,6.78,6.76,6.76,6.74,-0.5,-0.5,-0.5,-0.5,0.0,0.0,0.17,0.14,0.16,0.13,0.12,-0.02,1,2,3,4,5,6,晴,24.0,3,1.0,27.0,1.0
105,2021-9-18,19,10,6.73,6.78,6.8,6.72,6.71,6.73,-0.5,-0.5,-0.5,-0.5,0.0,0.0,0.08,0.08,0.08,0.17,0.02,-0.03,1,2,3,4,5,6,晴,23.0,3,1.0,27.0,1.0
106,2021-9-18,19,11,6.73,6.75,6.74,6.68,6.77,6.75,-0.5,-0.5,-0.5,-0.5,-0.5,0.0,0.05,0.08,0.08,0.08,0.12,0.32,1,2,3,4,5,6,晴,23.0,3,2.0,27.0,2.0
107,2021-9-18,19,12,6.73,6.78,6.7,6.76,6.72,6.71,0.0,0.0,-0.5,-0.5,-0.5,0.0,0.13,0.01,-0.07,-0.14,-0.1,0.01,1,2,3,4,5,6,雨,23.0,3,2.0,27.0,2.0
108,2021-9-18,22,1,6.82,6.88,6.8,6.82,6.85,6.82,-0.5,-0.5,-0.5,-0.5,-0.5,0.0,0.11,0.28,0.2,0.09,0.22,0.19,1,2,3,4,5,6,晴,24.0,12,4.0,25.0,4.0
109,2021-9-18,22,2,6.85,6.86,6.86,6.78,6.94,6.77,-0.5,-0.5,-0.5,0.0,-0.5,-0.5,0.11,0.13,0.04,0.17,0.18,0.08,1,2,3,4,5,6,晴,24.0,12,4.0,25.0,4.0
110,2021-9-18,22,3,6.77,6.78,6.8,6.78,6.82,6.83,-0.5,-0.5,0.0,-0.5,0.0,-0.5,0.15,0.06,0.02,0.08,0.15,0.14,1,2,3,4,5,6,晴,24.0,12,4.0,25.0,4.0
111,2021-9-18,22,4,6.79,6.84,6.78,6.77,6.83,6.86,-0.5,-0.5,0.0,-0.5,-0.5,-0.5,0.22,0.16,0.22,0.09,0.14,0.15,1,2,3,4,5,6,晴,24.0,12,4.0,25.0,4.0
112,2021-9-18,22,5,6.82,6.84,6.86,6.87,6.84,6.85,-0.5,-0.5,0.0,-0.5,0.0,0.0,0.09,0.11,0.31,0.14,0.15,-0.02,1,2,3,4,5,6,晴,24.0,12,4.0,25.0,4.0
113,2021-9-18,22,6,6.82,6.9,6.83,6.81,6.86,6.8,-0.5,-0.5,-0.5,0.0,-0.5,-0.5,0.19,-0.05,0.31,0.07,0.03,0.06,1,2,3,4,5,6,晴,24.0,12,4.0,25.0,4.0
114,2021-9-18,22,7,6.77,6.84,6.84,6.84,6.82,6.76,-0.5,-0.5,-0.5,0.0,-0.5,-0.5,0.31,0.17,0.18,0.09,0.05,0.07,1,2,3,4,5,6,晴,24.0,12,4.0,25.0,4.0
115,2021-9-18,22,8,6.77,6.84,6.88,6.79,6.84,6.85,-0.5,-0.5,-0.5,-0.5,0.0,-0.5,-0.02,0.06,-0.01,0.27,-0.05,0.01,1,2,3,4,5,6,晴,24.0,12,4.0,25.0,4.0
116,2021-9-18,22,9,6.82,6.78,6.79,6.79,6.77,6.74,0.0,-0.5,-0.5,0.0,-0.5,0.0,0.19,0.11,0.11,0.11,0.13,0.07,1,2,3,4,5,6,晴,24.0,12,4.0,25.0,4.0
117,2021-9-18,22,10,6.76,6.79,6.85,6.81,6.84,6.8,-0.5,0.0,-0.5,-0.5,-0.5,-0.5,0.06,-0.07,0.12,0.04,0.14,0.17,1,2,3,4,5,6,晴,24.0,12,4.0,25.0,4.0
118,2021-9-18,22,11,6.78,6.83,6.81,6.87,6.89,6.82,-0.5,-0.5,-0.5,-0.5,-0.5,-0.5,0.09,0.11,0.08,0.16,0.05,0.08,1,2,3,4,5,6,晴,24.0,12,5.0,25.0,5.0
119,2021-9-18,22,12,6.73,6.79,6.71,6.76,6.83,6.76,0.0,-0.5,-0.5,-0.5,-0.5,-0.5,0.08,0.01,0.29,0.1,0.05,0.07,1,2,3,4,5,6,晴,24.0,12,5.0,25.0,5.0
120,2021-9-18,23,1,6.73,6.78,6.78,6.83,6.85,6.82,-0.5,0.0,-0.5,-0.5,-0.5,-0.5,0.05,-0.11,-0.18,0.01,0.05,0.09,1,2,3,4,6,5,晴,25.0,6,6.0,25.0,6.0
121,2021-9-18,23,2,6.73,6.78,6.77,6.78,6.7,6.72,-0.5,-0.5,-0.5,-0.5,-0.5,0.0,-0.04,-0.07,0.01,0.03,0.11,-0.02,1,2,3,4,5,6,雨,23.0,6,4.0,25.0,4.0
122,2021-9-18,23,3,6.71,6.8,6.7,6.8,6.71,6.74,-0.5,-0.5,-0.5,-0.5,-0.5,0.0,-0.04,0.14,0.26,-0.01,-0.01,-0.11,1,2,3,4,5,6,曇り,23.0,6,4.0,25.0,4.0
123,2021-9-18,23,4,6.72,6.7,6.72,6.79,6.75,6.73,-0.5,-0.5,-0.5,0.5,-0.5,-0.5,-0.11,0.13,0.11,0.22,0.0,0.13,1,2,3,4,6,5,雨,24.0,6,4.0,25.0,4.0
124,2021-9-18,23,5,6.76,6.73,6.81,6.79,6.66,6.71,-0.5,-0.5,-0.5,-0.5,-0.5,-0.5,0.01,0.15,0.16,0.18,0.11,0.13,1,3,4,5,6,2,曇り,24.0,6,4.0,25.0,4.0
125,2021-9-18,23,6,6.78,6.79,6.69,6.72,6.75,6.75,-0.5,0.0,-0.5,-0.5,0.0,0.0,0.01,0.05,0.0,-0.09,-0.09,-0.18,1,2,3,4,5,6,曇り,24.0,6,4.0,25.0,4.0
126,2021-9-18,23,7,6.74,6.73,6.7,6.77,6.8,6.75,-0.5,-0.5,0.0,-0.5,-0.5,-0.5,0.17,0.09,0.08,0.23,0.15,0.05,1,2,3,6,5,4,曇り,24.0,6,5.0,25.0,5.0
127,2021-9-18,23,8,6.86,6.86,6.77,6.8,6.89,6.8,-0.5,0.0,-0.5,-0.5,-0.5,-0.5,0.11,0.39,0.1,0.16,0.07,-0.03,1,2,3,4,5,6,晴,25.0,6,6.0,25.0,6.0
128,2021-9-18,23,9,6.72,6.74,6.77,6.78,6.78,6.77,-0.5,-0.5,-0.5,-0.5,-0.5,-0.5,-0.07,-0.13,-0.11,0.03,-0.02,0.08,1,2,3,4,5,6,晴,26.0,6,6.0,25.0,6.0
129,2021-9-18,23,10,6.71,6.71,6.82,6.85,6.93,6.82,-0.5,-0.5,-0.5,-0.5,-0.5,-0.5,-0.06,0.09,0.23,0.09,0.04,0.06,1,2,3,4,5,6,晴,25.0,6,5.0,25.0,5.0
130,2021-9-18,23,11,6.74,6.72,6.78,6.72,6.71,6.74,0.0,-0.5,-0.5,-0.5,-0.5,-0.5,0.01,0.03,-0.01,0.01,-0.06,-0.07,1,2,3,4,5,6,晴,25.0,6,6.0,25.0,6.0
131,2021-9-18,23,12,6.73,6.81,6.7,6.79,6.71,6.89,-0.5,0.0,-0.5,-0.5,0.0,0.0,0.06,0.27,0.19,0.0,0.05,0.13,1,2,3,4,5,6,晴,25.0,6,5.0,25.0,5.0
132,2021-9-18,24,1,6.84,6.89,6.92,6.84,6.96,6.89,0.0,0.0,0.0,0.0,-0.5,-0.5,0.09,0.12,0.21,0.17,0.08,0.11,1,2,3,4,5,6,晴,27.0,11,4.0,25.0,3.0
133,2021-9-18,24,2,6.85,6.92,6.84,6.92,6.89,6.88,-0.5,-0.5,0.0,0.0,0.0,0.0,-0.07,0.09,0.14,0.12,0.09,0.02,1,2,3,4,5,6,晴,31.0,11,3.0,26.0,2.0
134,2021-9-18,24,3,6.92,6.93,6.96,6.91,6.91,6.89,0.0,0.0,0.0,-0.5,-0.5,-0.5,0.04,0.13,0.43,0.18,0.05,0.17,1,2,3,4,5,6,晴,30.0,11,3.0,25.0,2.0
135,2021-9-18,24,4,6.87,6.88,6.84,6.95,6.93,6.82,0.0,0.0,0.0,-0.5,-0.5,0.0,0.01,-0.06,0.02,-0.03,0.03,-0.05,1,2,3,4,5,6,晴,30.0,11,5.0,25.0,4.0
136,2021-9-18,24,5,6.88,6.89,6.82,6.93,6.89,6.84,-0.5,0.0,0.0,-0.5,0.0,-0.5,0.28,0.15,0.15,0.09,0.01,-0.02,1,3,2,6,4,5,晴,30.0,11,4.0,25.0,3.0
137,2021-9-18,24,6,6.87,6.8,6.85,6.83,6.92,6.91,0.0,-0.5,0.0,0.0,-0.5,-0.5,0.04,0.01,-0.01,-0.02,0.09,0.02,1,3,4,5,6,2,晴,29.0,11,5.0,25.0,4.0
138,2021-9-18,24,7,6.82,6.88,6.91,6.9,6.84,6.82,0.0,-0.5,-0.5,-0.5,0.0,0.0,-0.02,0.03,0.06,0.21,0.0,0.02,1,2,3,4,5,6,晴,28.0,11,5.0,25.0,4.0
139,2021-9-18,24,8,6.92,6.88,6.85,6.92,6.89,6.91,-0.5,-0.5,0.0,0.0,0.0,-0.5,0.14,0.01,-0.08,0.05,0.05,-0.24,1,3,4,5,6,2,晴,28.0,11,5.0,25.0,4.0
140,2021-9-18,24,9,6.89,6.88,6.87,6.91,6.89,6.86,-0.5,0.0,0.0,-0.5,0.0,0.0,0.06,0.02,-0.04,-0.03,0.05,0.03,1,2,3,4,5,6,晴,27.0,11,5.0,25.0,4.0
141,2021-9-18,24,10,6.87,6.9,6.82,6.85,6.85,6.86,-0.5,0.0,-0.5,-0.5,0.0,-0.5,0.16,0.02,0.14,0.14,0.02,0.04,1,2,3,4,5,6,晴,27.0,11,5.0,25.0,4.0
142,2021-9-18,24,11,6.84,6.84,6.86,6.88,6.91,6.82,-0.5,0.0,-0.5,-0.5,-0.5,1.0,0.01,0.01,0.06,-0.09,-0.11,0.2,1,2,3,4,5,6,晴,27.0,11,5.0,25.0,4.0
143,2021-9-18,24,12,6.78,6.87,6.88,6.86,6.91,6.82,-0.5,0.0,0.0,-0.5,-0.5,0.0,0.24,0.1,0.03,0.04,0.02,-0.03,1,2,3,4,5,6,晴,27.0,11,4.0,25.0,3.0
